57772
3953
14772
34199
64540
14462
38757
47495
41500
45407
25527
44103
62819
18868
6806
24027
51920
53459
822
45974
44070
64040
12175
16972
44406
52763
36521
10613
63692
16786
29174
16257
5344
23344
26617
5844
12139
38090
37598
4762
42794
36301
5973
47203
54679
20616
2676
10808
41492
19652
31705
41507
49445
11800
9939
28392
1925
4128
47476
16265
56222
32421
60957
4837
21887
42919
21231
22594
57128
10723
9547
20288
20961
49100
11795
32702
25345
29990
53336
55010
18391
10542
14131
7209
30450
26697
43959
45563
20943
31518
63666
65394
56897
15843
29237
9929
61510
34267
49737
25462
46095
44198
15809
20186
15064
11648
60172
30861
58412
3
62637
64033
28246
45763
20622
39927
27851
58954
32873
35724
30675
8972
29848
47599
52894
37625
32213
36083
25070
42373
33356
21861
27203
21491
12947
53903
14025
40736
4795
11674
51990
189
54796
10307
65126
13246
49197
32822
2239
47887
43019
44411
65138
32497
30391
29816
31261
20558
57878
13924
17832
64256
63450
21152
60773
11196
19452
17327
55880
61739
13887
51402
31368
12661
7980
25664
39022
31318
1491
42162
52806
2701
61402
7778
59942
35730
7119
6203
32130
25297
34307
53364
2192
50749
33146
54429
35248
22808
60358
21272
25219
18333
27561
1687
49270
60189
31172
35164
6756
32817
57422
33816
2531
30275
21851
30072
19004
12072
45716
18978
2501
32459
43004
56059
57906
64179
9570
49136
45584
53079
53753
61841
33525
49689
62275
4760
34133
43724
65146
11721
43714
45782
37376
25270
20917
15061
51585
44913
59661
24083
18297
27602
7661
40371
7207
30572
37368
34899
3204
50069
56129
62994
65152
8499
38949
12580
18908
52484
12403
43020
57804
32329
51333
23836
12907
581
23320
32407
53465
7265
41275
32902
56700
17839
46569
52479
2004
28928
25006
1401
19093
33069
60387
49214
45015
8135
48989
19536
10257
63789
16726
64563
56825
37581
57381
45473
36026
24225
42298
20769
32952
59039
55274
39230
54253
55775
28267
52727
39404
64973
60662
14816
29464
65093
49562
46140
65200
27178
21353
59761
61082
54537
40467
55982
55788
48158
58764
63032
2891
62357
30904
56291
22876
45734
39927
44342
63802
57415
7618
1667
16470
47345
11716
2703
31591
56977
19235
25838
38565
6317
20040
46289
65422
39345
5801
23128
19750
19062
29462
20571
12345
2962
48183
17333
32031
55286
59958
60497
51897
27540
57778
17156
55912
21935
19927
18129
27073
59189
46960
56263
3033
5241
4079
59997
33970
25827
40281
20425
57511
19753
60807
45728
6884
38779
7679
47978
50332
45817
38571
6931
24944
14135
8785
51486
26696
35733
48439
54820
20813
19202
14788
29662
19880
42480
2558
36828
8898
2949
46084
47273
52442
52038
11524
27433
39552
3939
4754
18273
12250
36834
23232
48465
35811
7786
2528
15249
46941
48024
3495
50985
6954
16314
58057
42494
46671
56335
53372
45084
6586
21798
36480
14339
29820
62773
11026
54038
19867
56396
10313
45591
13430
44687
34950
33250
38104
15410
61859
52999
35768
52797
4905
49052
40056
23635
3758
17851
14230
19664
3985
5930
21024
8320
27127
9108
48265
53085
13706
40694
20134
51951
12270
12730
26829
57200
58089
28498
14119
13406
17341
20455
50809
51895
51566
19774
31071
16440
59454
44930
9339
44684
58940
3967
55118
61691
39228
41504
41253
54724
9879
20542
60803
1912
47700
16059
3113
14689
6894
20885
16001
9616
21003
31014
2368
42759
32345
38862
21787
905
33018
26539
6107
51805
9747
41012
16062
25903
50730
23237
34692
6322
8623
18354
62988
8782
27379
7006
60387
26769
29163
59574
21819
50230
41466
7196
22163
53540
49521
62457
52999
61536
65078
43662
30747
18306
63484
52275
31825
5732
59387
13640
52438
21075
21901
63713
928
40399
40832
35920
9624
5734
192
22667
32532
7826
11623
39252
12103
61720
39011
55112
52390
1298
23345
28046
6100
53181
26081
21100
41885
24853
28321
43884
4659
30041
17194
48784
24999
34071
60552
16949
17992
59992
9234
22887
49416
35260
6259
10843
44270
25635
30835
44312
37036
49010
16429
20789
29565
3256
18802
28418
5680
38517
8995
11073
50560
13468
2488
53294
63780
35774
61196
29755
18058
41946
36233
43470
30224
14238
23647
31896
6462
61664
34048
3209
7946
45328
28301
1083
3090
65125
8153
7554
40675
5868
15606
2679
26461
959
14236
55367
52024
13982
62231
11182
58284
52537
31234
16672
53490
62976
59242
7450
33402
13410
37620
53103
28150
23677
16877
38817
24259
10852
17016
23570
64028
54685
11349
35505
3598
4304
41064
44022
30897
36241
61275
49286
54759
34685
36049
50004
2826
38528
45476
13676
52448
18522
28998
35399
58358
56207
50747
17344
63897
9311
1185
61347
19230
50404
39326
28373
42340
46827
47061
41812
22161
54838
21961
1791
25473
61259
53235
46501
49171
32667
18125
6500
49424
8760
63089
58661
41708
52894
58066
7768
11555
61296
13902
10532
65103
43997
6570
41311
27559
59867
61885
4846
36761
55218
14639
44580
53501
39628
22865
62530
63216
59051
17709
9720
38774
11083
21227
21930
8218
5323
6807
16805
56096
47235
35809
11189
39044
58594
5927
27572
11139
6846
42771
26166
53971
10097
18379
20328
11839
45192
5361
59654
22395
13034
20849
28944
32949
37351
10404
47604
35124
52543
24844
58483
57895
27064
27352
13270
62282
34062
28916
48754
45805
5540
65506
23282
3867
65258
6893
44849
187
5964
13369
805
3399
2422
65407
51798
43794
54147
59262
21648
30307
8558
33905
58154
42579
38592
39817
24477
26161
27842
19832
2756
1810
22580
25152
56753
48044
6750
23433
44657
19101
16140
49696
61410
55155
33360
12375
36104
17626
65500
61125
43372
26965
22617
44249
14822
14059
16969
24543
30692
23829
49441
41727
11441
54590
24908
58960
1855
11687
8351
15321
27953
28404
705
56431
5179
50539
1633
25830
49870
64466
13594
62382
48074
39232
45776
28744
61318
37135
64597
28430
14973
56169
20120
62737
58996
41156
31139
20276
47887
31390
5067
50673
7722
29402
9043
4599
51105
8378
22137
34279
6022
31131
54509
11466
11569
35827
37044
64458
61887
32606
55717
22099
42339
27776
21595
50896
27845
11760
30062
2317
26296
26653
19222
32604
2897
7072
56178
26061
53161
975
15186
41142
7707
23840
62133
49798
48479
64475
24376
53645
25131
38565
50196
